311514
334304
811409
311501
251401
234102
132301
941201
243390
723307
432103
515303
522301
513201
342311
833202
243305
713203
523002
411003
754903
731107
431202
431190
242309
711104
522301
241304
933304
243390
722204
524902
243307
432103
251401
251401
941201
251202
251202
524902
332203
821902
432190
721204
216102
432190
522390
523002
251401
711101
333101
252201
816003
441202
816090
512001
524990
541306
242217
252302
252201
411003
234102
215190
932101
722308
432190
753202
932911
432103
832203
833202
522301
351404
912990
741104
251401
235301
911207
754903
732304
332202
833203
741103
229103
751204
932990
522301
214109
741101
962990
251201
332203
112014
721404
941201
132404
833202
515303
121990
242307
833202
243106
711402
431190
512001
941101
514202
251401
831204
214202
235990
711104
265107
215104
932101
242112
213303
522301
432103
261103
251202
332101
522301
343301
721204
711502
432103
832202
754903
432103
234201
132301
432201
251103
242313
251903
315406
723103
911290
723307
251401
214290
132301
331301
333104
522301
221250
333190
911207
931301
333302
251903
754903
522301
332302
214290
242307
332203
234190
311209
243109
313904
523002
214407
235201
216401
421108
821990
531204
432106
242307
214109
332203
422603
523002
122102
331104
251102
524902
821990
834401
931301
712601
133090
515303
242217
832202
522301
331301
754903
331104
122390
214407
422602
228101
261990
751101
142090
962990
241306
222202
332201
142004
132301
722204
325512
522190
731602
251401
222101
712703
411003
522302
243106
214202
251201
834401
252201
242220
524902
214404
741201
243304
332203
243303
515190
432103
754903
833101
241306
332203
232001
242309
132301
432103
325101
732201
251401
522301
834401
251401
214103
251401
311410
251401
411003
232090
251202
411090
524902
712612
132301
754903
832203
334304
311408
242307
712501
214202
351290
251401
332203
751490
252102
242217
741101
251202
331104
523002
833202
522303
332203
723103
242307
251401
962990
932101
251401
311937
214404
523090
214303
243305
711503
241308
251401
242309
513202
711904
931301
431101
432190
411004
834401
251103
264304
251401
711404
741101
911207
834401
332203
721404
214202
351301
524902
251401
242211
235301
721204
722204
821990
351401
834401
512001
833202
721204
833203
721204
243304
332202
112006
524902
243105
122106
311101
411090
821105
522301
833202
722204
932907
834204
524902
251401
251201
741190
821902
523002
524902
522301
251201
523002
232001
311504
242204
244003
524902
933390
242390
722308
214990
251401
143909
712616
931301
754903
311514
515303
251103
818990
754903
741103
214990
221209
252102
422201
712604
112012
214503
441590
432103
311402
242108
721204
933304
818990
712604
332203
722204
235301
411004
834205
311803
833203
712601
523002
252201
332203
142004
241205
251401
242108
432103
251202
311408
251290
241202
962990
422603
251401
814205
522301
332203
242108
722314
333905
524404
523002
741304
221234
731107
214202
911207
815301
814290
242309
214503
422401
834401
723310
235908
831210
522301
132301
821901
233001
721204
251401
422701
432103
833202
242228
229201
241207
933401
524902
524902
754903
712604
251401
432103
432103
242217
751204
523002
721404
215101
263401
241107
334306
331301
722301
711204
531107
242228
331301
711104
921490
243109
754903
412001
522301
911207
514101
832203
142004
741105
214109
142004
251401
721204
911207
121904
941101
332301
251201
334390
213303
251903
251401
213106
112001
214927
752302
411003
132301
432103
241306
332203
711401
134903
214102
122102
251401
754903
132404
251401
251401
332203
722308
814204
522302
721204
833202
243305
331301
712610
332201
241190
754903
226206
212004
112090
342201
712601
325101
331203
251401
241190
411003
243303
411004
941201
332101
331301
515303
753202
814302
522301
754903
421490
251401
422602
431101
242307
121101
251201
242204
741103
815301
242108
235109
214202
832202
723103
331290
233001
311917
242290
333905
252102
242307
432103
233001
818990
332101
242112
221211
251202
251102
311924
933304
325907
122106
214202
216503
723104
962990
911207
814104
132190
332101
243390
243305
541307
235908
432103
522301
251201
132401
431102
524902
242204
242217
524902
524902
242209
431101
721204
233001
251202
524502
821990
243303
522301
222216
833203
741103
311918
333104
332203
251202
541307
811407
251201
251903
962103
754903
242307
752205
524402
411003
515301
522201
441203
243303
411090
721204
132301
142004
264207
252102
432103
814302
214102
421101
722308
432103
741201
524902
134990
933304
251201
252101
741103
411090
242307
431102
524902
432103
251401
122102
721306
711104
523002
524902
723303
132404
242309
122102
331301
311508
833203
515303
334402
711490
215104
221214
723390
251903
243305
752208
711104
321401
723307
321103
214902
243103
422401
331301
712901
235920
524902
122106
722204
235301
332203
251402
814104
411003
911206
132404
235914
331104
722314
252102
962301
524902
331203
722317
741201
933304
411003
243190
432103
932990
723103
523002
751201
226204
332203
333105
933304
228203
522301
834205
815301
214102
214903
334101
432103
431301
711104
242228
754903
411090
251401
243305
243305
411004
933304
214305
321103
214990
112012
833203
243305
235301
962990
251202
815301
242207
432103
251401
251401
234101
241190
711104
722308
242108
312290
754903
122102
723307
711104
112014
325101
911203
214204
332301
132301
962990
411090
341103
242108
142004
741301
241107
242313
932918
341202
242217
242217
334306
752208
252201
723307
411003
222101
933309
251401
741101
252202
229201
214922
252290
251401
713104
251402
411004
712603
741103
722313
713207
522301
311517
522301
834401
142004
243304
832203
243190
243305
251290
142004
242309
214925
515303
332201
311909
741207
251201
432103
513101
712204
215201
833202
121904
911207
243304
235908
333490
522301
411003
741101
412001
242108
711104
242217
243304
265102
721404
833202
722390
215201
524902
112011
351404
741201
251401
711202
241203
142004
432103
754903
214403
232090
711104
515102
832202
532904
324002
524902
241107
522305
754903
722308
711101
251401
242108
311214
311201
214111
243303
341205
712501
341202
754903
251202
742118
834206
241190
941101
722312
142004
229402
932913
431190
311201
333104
142004
722308
833203
432106
731107
214903
832202
811409
334390
531107
817211
515303
422603
961202
251401
411003
251401
243103
311514
321301
515303
311514
251404
228101
244090
742202
932101
932101
532990
325512
252201
242225
712202
243302
214921
432103
214109
334101
311803
214990
522301
741105
332101
122102
122106
242390
712604
332203
524902
712601
522301
332203
422201
311514
244001
132301
321401
753303
331203
332203
261909
325101
411003
243102
311201
251401
232003
834204
832202
713202
742117
251401
531107
441202
411003
214190
713190
524902
516903
712703
742117
524902
251903
816010
422603
832203
432190
241190
833203
513101
332301
243302
243302
333107
932910
711490
515303
142004
522301
911207
243105
522301
411003
531107
754903
411003
411090
252301
242307
233001
242217
523002
754903
332203
242209
242309
912202
134905
712401
251401
712501
351401
251401
431102
251201
121390
933304
752302
311907
524302
712690
242217
213303
234201
741103
531190
244001
522302
241390
911207
243390
132102
524902
244090
522301
121904
723105
921590
962990
432103
524902
411090
711202
244001
752205
216102
242209
251201
834401
711104
832203
834401
722314
213106
932910
432106
331301
711104
712990
214502
912990
522305
411003
933390
522301
333104
332301
235301
214202
711202
821990
242108
432103
522301
242109
334306
134501
834401
523002
813114
932990
243390
251903
712905
243109
753402
422201
251903
832203
234101
911207
233001
833203
523002
712403
351203
243106
833202
513101
933304
251201
722204
214102
243305
141202
911203
251101
422603
132301
214202
411004
432103
214202
121904
832202
332202
332202
722204
214201
214502
251401
515303
331301
524902
834205
711902
332203
243106
833202
732201
723390
712601
522301
251903
524902
134602
831104
132103
214102
432102
522301
132301
712403
723310
411003
142005
242217
741103
753402
251201
911207
962990
723307
834401
911207
932101
712990
243302
711501
243305
722314
522302
251201
242228
132301
142004
232003
932101
713104
242108
333105
251903
252101
834205
234102
212004
713203
235906
541307
711905
241202
911206
252101
911207
228101
432103
411090
251401
242301
142004
132404
215190
334101
833203
522302
325601
331301
351206
422201
252902
818990
214102
132190
818990
522301
243304
722490
821990
833202
431202
834107
754903
921401
331203
431202
251401
411003
834205
251401
242307
233001
933304
741104
112007
722308
243305
711202
243305
522302
711205
132404
243390
311514
321301
241308
524902
523002
723315
833203
232003
524902
228101
522301
243305
754903
243305
723104
134602
911207
243304
214306
242204
332203
524902
243106
522301
723103
524902
332203
741103
411003
722313
251401
832202
251401
242290
524902
524902
243106
232090
411003
832202
541307
432103
243106
243307
513101
143909
431101
251401
251201
321301
753105
341202
332203
932101
723308
252903
524502
311201
311514
832202
243104
741201
834205
712401
251103
933304
834401
333201
411090
251401
351103
411004
264207
754903
122105
243103
713207
331104
243109
722390
242307
941201
311917
243103
216690
332202
251401
251401
712607
411003
332203
412001
311514
333905
723103
332203
251401
711104
332203
214109
251903
742190
432103
252103
522301
263401
753403
235920
722204
524902
235909
742117
252901
431101
523002
222101
252101
524902
251903
523002
514101
242307
251903
814104
515303
332203
711104
243106
251202
241202
132301
241106
243305
713208
341201
422101
752205
324002
722317
432103
713201
311514
832202
741103
261909
332203
524902
912103
214290
711404
522301
333105
818190
332101
522301
331203
251401
251903
411003
311514
134590
754903
121990
122102
334304
722308
933304
251401
251401
812190
214205
242309
132301
523002
723105
532102
524902
134602
712616
251401
241202
311514
251903
133090
962990
261103
932911
816003
722303
524902
754903
332203
721404
432103
524502
121904
833203
524902
722204
513202
233001
243305
754903
524902
441590
921401
912904
243106
432103
962990
422602
818990
333905
834401
723315
332203
263401
524902
431190
422602
911207
754903
215101
311514
411003
754903
251401
422603
251401
214109
242307
214190
712990
732290
234201
325402
242307
962990
941201
243302
962990
524902
524902
754903
723103
712990
121201
754903
325905
242190
242310
214202
214202
243305
833203
522301
754903
754903
234102
522301
332302
721204
244001
515303
332101
332203
234201
722315
242309
142090
753602
723103
422201
411004
522301
814209
242403
422201
741103
251201
132404
711290
512001
242217
911207
941201
332203
411003
411004
432103
522390
241103
742201
242204
522301
721204
834401
214203
241105
332203
333105
242221
752205
816090
524902
711402
332203
242232
251401
411003
214102
242221
331201
132404
331104
214303
962103
243302
251302
311211
243304
522302
242403
522301
332203
132103
311514
242112
712604
432103
754903
431190
228203
222101
311939
242403
432103
332301
524902
233001
713201
243106
122102
313203
962902
351206
325512
242390
221254
432103
522301
411090
432103
711502
962990
251401
432103
751204
432103
721204
332203
242190
513101
711101
432103
332203
432105
332301
216101
524302
243104
754903
132105
712202
754903
832202
524902
754903
242307
216102
711104
754903
334390
514203
243109
524902
515303
513101
221241
325512
251401
243307
741103
721204
512001
515303
833202
251101
432190
711104
243308
833203
523002
122106
522301
411003
754903
522301
524902
754903
332203
251401
142004
911207
222290
321301
132301
331301
711205
242307
252990
432103
262101
132408
818303
422602
234201
712990
411003
432190
214390
142004
713201
441202
515303
241390
242224
244003
333190
332203
251103
321401
411003
932101
941201
524902
741207
431101
754903
811204
311937
711190
432103
332202
242228
515303
523002
325101
333105
242309
514101
122102
711104
143990
351206
242307
834207
754903
229103
229103
411090
229103
214109
432303
522390
331201
216402
251202
142004
251401
241205
142004
814209
522301
522301
243190
814104
221236
522301
524902
722308
242309
334304
132301
522301
422702
514202
911203
241204
241190
432190
332203
331301
311506
722302
251401
351206
432102
242217
132103
524902
251103
933307
332101
331301
741101
242217
242113
122102
522301
522305
214109
432390
112012
122106
834390
311514
818990
333105
331301
411003
431190
513202
251201
251401
818990
211301
132301
235908
754903
721404
711205
931301
932101
242309
411090
132301
432106
524902
932990
223101
242217
421490
834206
541307
834401
911207
311201
134205
411003
834207
214109
711202
251103
754903
522301
251401
411003
242108
263401
524902
243304
242225
232090
251201
411003
332203
721290
712101
522301
821207
754903
143102
243302
522301
241204
723307
214306
143902
741201
143990
251303
524902
754903
432103
722206
432190
833202
411003
422201
411003
722313
333190
531202
411003
332203
722204
251903
251401
816090
818990
142004
931205
432190
331301
721290
741290
711202
311929
228203
214303
214202
242204
251202
351206
522301
432103
222101
214202
911207
242309
252990
242109
432390
832202
331203
213108
833203
821990
721204
512001
721204
331301
711104
331301
251202
711104
314401
132301
215104
522301
421403
142005
731602
332101
241202
142001
512001
422201
251201
252101
242309
754903
754903
711104
333105
911207
741103
811490
214109
432103
122301
241190
332203
411003
513101
342311
512002
512001
332302
522305
251401
142004
522301
243307
753303
815301
242108
523002
834401
833203
216604
112009
512090
515303
216506
311514
432302
754903
741103
432103
311506
754903
754903
214927
821304
311917
243305
311508
251401
432190
242390
741201
243305
741201
233001
523002
815301
411090
754903
723103
712301
941201
712604
343202
411004
932901
821990
264304
933401
515303
524902
834401
221290
932918
242112
242309
821109
431102
921490
941201
522301
251401
751290
251401
522301
142004
911207
931301
721306
524902
132301
332101
251401
216590
515303
524990
721190
142004
251290
912990
411090
712703
351203
214403
134290
243305
432103
251401
251202
712604
252102
251401
251401
961301
311402
741103
432103
722204
233090
818990
721204
742190
333490
541390
962990
712603
432103
251201
722312
432190
214202
331301
251401
821990
121103
331104
242217
941201
515201
524902
522305
932101
242232
524902
252201
243305
242109
242403
723104
214914
821990
523002
522301
754903
251390
214109
311307
522301
817208
933304
242108
243305
524902
214207
325512
331301
522301
142004
834401
524902
222215
514101
832202
235917
411003
933304
833203
411090
251401
833202
261103
331301
941201
251903
311937
912990
243302
332203
833203
263406
515303
912990
242104
815301
834205
214207
242390
422401
251401
243305
332101
834101
754903
229201
233001
242225
412001
932990
432103
931301
332203
723307
228101
325504
243305
522304
251401
142004
213108
522301
432103
214102
411090
121290
251201
134602
243302
522301
211301
243305
311514
332203
325512
522301
251202
221244
432103
754903
351290
751104
214202
411003
251401
214190
243106
711205
251401
243304
712603
251201
251401
321301
261103
332203
244003
932901
834401
932101
331301
832202
262101
432103
234101
332202
242220
251401
242112
814305
441590
241306
742118
834401
524902
332203
233001
263401
524502
241202
933401
228101
932913
833203
251202
711205
341201
821990
122106
312290
741103
331301
251401
331301
321103
235301
541307
243106
243107
244001
932990
741203
331301
523002
234102
514101
241202
723307
522302
243304
721204
311514
141190
242204
251401
513101
432190
741103
834401
754903
242230
723304
754903
252201
754903
742208
122102
251401
311514
432103
833203
333104
242108
332203
233001
311201
815301
251401
251401
251401
243305
711205
241202
214109
243305
243304
241103
332202
523002
333490
252201
241190
325101
242309
251401
142001
962902
331103
243305
712202
711104
122102
243304
332203
711690
251202
432103
832203
741105
241107
332203
263409
513101
251401
522305
411003
242228
821390
243104
228101
432190
311803
522301
524902
214902
754903
832203
331301
251401
932101
834401
411090
932101
214990
332203
522301
228203
523002
331301
815301
241207
941201
422602
241302
325505
932101
752205
331203
351404
332203
264190
522306
815301
233001
522302
132102
325101
832202
333404
142004
821902
243305
251401
523002
243110
832202
215303
832202
242217
241310
243305
411004
941201
222101
222101
522302
242309
522301
214990
332203
251401
332203
932990
711205
832202
251202
411090
911203
264304
229201
251202
411003
818990
834205
311201
215101
214207
331301
331301
251401
341202
243305
132405
251401
251401
242108
132103
251401
241390
411003
332202
311514
522301
242307
531202
214103
413201
333107
235910
515303
241190
332203
754903
833101
214109
334306
241202
524902
523002
411003
332201
112011
818190
818904
251401
243109
244090
251401
142004
815702
243103
411090
712601
332203
933304
242112
432103
235904
243305
911207
432103
753105
251202
541307
331203
821906
331301
832202
524902
121290
816003
522301
262101
243305
523002
411090
522301
142005
251903
432103
931301
722301
235301
241306
713207
817290
229201
524402
242309
215103
132490
432103
522301
515303
334201
722204
133007
214207
215104
818990
243106
817290
432190
229201
332203
932990
331203
343202
251290
524902
722204
431190
214103
226204
252201
816090
332203
422401
524601
411003
821906
524902
332203
251401
431290
226205
524902
228203
522301
422603
754903
251401
432190
431190
512001
814302
213303
331203
541390
933304
422201
243305
243307
711202
244001
332203
833203
933304
242307
411003
524902
142001
112010
251201
431101
712703
524902
431190
142004
722312
332301
215104
421106
214109
833203
331203
331201
112090
932918
911207
331203
816026
211190
311402
751204
332203
722204
541390
711104
251202
411003
932101
331104
331301
921401
712203
411003
524902
818990
834401
332203
331301
754903
911207
234102
523002
721404
834401
243305
412001
241306
334101
411090
432104
754903
723315
541390
233001
441590
522301
331301
242217
252302
251401
941101
522301
522301
754903
242309
214205
711101
834401
243305
431101
132301
931301
522301
712703
741201
833203
818303
432103
351290
411003
243305
741103
723307
242309
214303
242217
723304
142090
241190
331301
233001
524902
833202
524990
251401
325512
712601
243302
251401
723105
431190
251401
251101
242204
524902
311514
741103
962103
214990
711402
524902
962990
721204
512001
213303
742208
315317
251401
251202
251401
243103
251401
432105
411003
722204
251401
134690
351290
325907
142004
731107
411003
242307
753202
331301
331301
242228
411004
522301
721290
341202
412001
242217
754903
222220
243305
132301
524902
334101
243107
333104
522304
834401
754903
711104
741103
932918
214102
243305
311514
412001
512001
713201
332201
132301
132102
432190
932918
251401
251202
432103
311201
214906
242307
234201
332203
214902
711104
711104
721204
242217
325905
531204
243190
932907
431290
214502
524902
243106
251201
512001
228101
814104
721204
834401
214202
721204
311514
432103
243103
921490
721204
431202
351206
244001
711404
121904
524902
243106
314490
754903
522301
742117
242307
334101
243390
524902
122101
524902
232090
834401
342311
311104
741103
962990
251401
524902
332101
514207
331301
243106
411003
243106
252201
754903
251401
818990
331301
817210
243304
711101
331508
333105
331502
524902
754903
334402
931301
515303
524902
251401
741103
242112
241207
214208
242217
243304
833101
712703
214102
721404
962990
754903
243303
243106
711104
911207
122102
112014
251202
711202
753402
241207
524902
251903
524902
523002
251202
112006
524902
432190
234201
121201
233001
933304
351206
242309
833101
422603
251202
228101
912103
712301
722290
723103
243109
251401
722204
723307
242217
941101
722313
712401
221234
723307
722390
524902
723103
522301
515303
522301
821990
251903
741101
242217
235910
432103
932990
754903
523002
341101
221214
112007
711202
214102
524902
713201
216305
311514
243203
524902
522301
122190
741201
432190
244090
251101
228101
522301
241202
711104
311212
941201
515102
911207
753303
541306
242228
251401
351206
834401
122106
815301
342201
524902
833203
241103
814104
215103
513101
243190
132301
741103
524902
962990
232090
932101
221254
752205
962990
721204
229103
713203
331301
833203
251202
834205
332203
216505
243190
251903
331301
331301
832202
332203
931301
214903
941201
524902
912990
222101
243304
741103
311504
933304
311202
524902
941201
833203
332202
522302
221216
711104
243110
515303
741101
731107
214202
241207
234190
331301
712604
243103
241207
752205
524902
332201
814305
241107
251401
335290
132404
711902
741208
332301
833203
751201
263590
242307
332203
241304
741215
225101
741290
522301
333404
331104
411003
932101
431101
332203
754903
312290
754401
912990
751201
524990
723107
311514
241310
411003
711104
712403
512001
524902
741104
121990
741201
263401
754903
331301
325504
242227
251401
332203
233001
121904
524902
834401
524902
931301
251201
235915
723103
243302
524902
251401
814209
818990
722308
753105
215101
333105
821990
112006
331301
251401
524902
818990
333404
311506
235205
432103
243305
524902
252101
321201
252302
332203
122102
242211
311201
741210
514202
251401
524902
334304
132105
243305
722312
324002
241106
411003
311209
214102
524902
332203
243305
331203
741201
818990
143905
412001
242217
141202
214208
333903
712101
411003
242112
332301
723307
741201
921401
142004
332203
832202
512001
432103
722313
754903
711202
132390
512001
752205
814104
214903
263510
911207
242108
912990
524902
432201
251401
121904
214208
251202
221256
522301
264190
242228
251302
524902
712703
251401
214202
332201
941201
251401
541307
221244
235910
242304
522301
754903
333105
311303
522301
121904
712604
331301
522301
411003
241107
261901
741101
251401
321401
541307
523002
341207
242108
712906
242309
332301
432190
713201
711404
215202
243305
524902
941201
711101
524902
432103
754903
243305
243305
311937
522304
242108
432103
243390
821906
233001
333105
242228
211102
522301
741103
833202
432190
263190
228101
214202
142004
712601
251102
515190
522301
712604
331502
941202
134501
513101
332203
335290
243304
752290
243302
242217
214903
132301
524902
815901
523002
712703
911207
814290
818990
252201
333105
818990
214104
331301
243109
235205
512001
332203
229404
912202
712601
211302
515303
941101
251401
321301
242217
351206
242112
933304
332301
722308
214290
251290
754903
235919
754903
832202
221250
133005
432201
243106
432103
723103
522301
522301
215101
121103
228101
251903
251903
333101
333190
711104
522302
524902
932101
522390
251201
432103
243103
121904
214202
243304
723190
422201
252201
242211
241306
352202
432190
832202
243304
712202
722204
235301
242217
712603
229905
411090
753403
411090
331203
432302
754903
331301
142004
833203
261901
524402
741101
522301
432103
742202
332202
432103
432103
932990
742118
221250
343203
112006
711202
313208
711204
241304
753403
242307
243304
332203
523002
331203
432102
712904
524902
524902
832202
422690
333108
244001
512001
513101
215103
251202
441590
522301
812190
341202
524902
231003
332203
331203
721204
242204
251101
741207
712601
432103
242217
331203
933304
234201
522190
233001
226205
251401
941101
215202
911204
251903
711502
721204
931301
722317
432103
911207
215390
263401
242112
723390
941201
332203
242309
933304
251101
432190
432201
741290
251401
215202
251201
251401
422602
243303
251103
251401
411003
242108
332202
933304
214202
251401
722308
711902
216490
524902
524902
933304
251401
121201
264201
332203
523002
834401
712401
221205
242390
441202
524902
522304
731107
243390
251102
422602
753105
331105
524902
233090
333903
243106
754903
241203
331301
214202
261901
741103
321301
341203
754903
441202
812103
241202
833202
243305
242309
242309
524902
722301
261103
833203
251903
242225
132301
243304
722301
441202
121904
933401
311508
524902
132390
263504
333404
132404
741101
242217
723105
251401
931301
932913
432106
242217
524902
214102
524990
321301
321401
243305
235910
731808
216602
214303
962103
243390
522301
251903
432105
432103
221214
332203
834401
243305
242390
814209
311204
214109
243303
241103
243305
711202
264304
411090
754903
832203
121990
235301
251903
232001
242309
242228
411003
311937
711104
722308
432102
242225
241190
524902
242112
432105
243305
933401
242217
242112
722308
711104
523002
332203
243305
932101
331301
515303
251201
432103
234201
723103
524490
334306
515303
234102
933304
931301
234201
232001
331301
331301
741203
524902
523002
216604
834401
229905
732301
332202
132301
821990
242217
142004
912990
524902
252902
712101
215101
263401
314102
833202
214103
321301
522301
911207
834401
321301
941202
941201
264201
243103
411004
721301
332203
214202
524902
214104
522301
441202
515303
524404
432303
941203
243305
815301
341202
522302
514101
431101
251202
523002
941201
222101
834401
121904
722307
121101
331301
522301
932101
524902
243190
242108
432103
311303
816003
912990
242112
933304
251202
214202
834401
754903
242112
522301
754903
432102
234201
243106
243103
235921
311506
243302
332203
242211
754903
811304
515303
524902
121904
311511
514101
325402
333104
252902
242309
243305
252102
931301
411090
513201
334306
321401
242232
132301
933304
251401
712101
235920
242112
712603
251401
522390
524902
941201
331301
311307
251201
941201
242217
933304
712904
251401
741101
228101
143990
411003
243390
513202
932990
134601
411003
321301
711104
142004
754903
241202
233001
411090
311101
332302
722204
216604
513202
524902
711101
132103
324002
523002
411090
811407
722303
265107
251401
242112
523002
933304
332202
214303
812290
132301
524902
321301
522305
331301
524902
541316
343202
832203
251401
243307
712303
712990
332101
524902
754903
112014
722315
754903
522301
251103
742203
214202
243305
243304
722204
834401
712604
817211
754903
522301
121904
243304
711101
712616
431101
228101
214202
524902
243106
251401
243303
432103
332203
214202
235906
311206
711101
142004
311514
228101
713190
514101
932990
818990
732201
242309
251908
242217
817202
711101
243105
252102
524902
411090
834401
121201
531107
332203
242403
233001
252902
411004
524902
243307
754903
243305
333105
251401
711102
233001
122102
214931
422201
251401
711104
432302
741203
325502
214202
712501
522301
754903
524902
216601
243305
242217
432302
243305
523002
522190
522304
251401
722101
411003
242231
432102
242309
325907
422201
215101
242211
242228
251201
242309
431290
351203
121904
713208
251202
411003
522301
332203
214303
911207
241308
524902
333105
731107
251201
214306
332201
251401
235910
325512
263401
216101
242232
251290
112090
432103
817104
321401
524902
432103
215201
242228
331201
226206
515190
711903
514101
243106
331104
732201
321401
432103
712703
311201
931301
422401
524902
524902
831210
524990
962990
241204
251401
522301
331201
241304
834401
242217
251401
711104
911207
911207
214903
312301
243304
432103
541307
242112
242108
242112
334307
432103
242204
821113
524902
251401
122102
523002
242225
831104
252101
214102
241204
243303
242304
933401
813126
351404
132490
524601
941201
215104
121904
741103
142090
911207
962990
242309
754903
331201
814390
818901
522301
234102
132103
243302
524902
228101
933390
251201
831104
532102
818990
441203
242217
335907
233001
214306
833202
524404
243106
832202
243305
242309
243190
754903
524902
723307
722308
711590
121190
121904
522301
523002
243304
421403
941201
911203
251201
932101
524990
522304
941201
422602
235205
233001
243104
242307
522301
351403
331301
413201
132301
242309
821902
332101
513101
432103
431301
252102
524902
432190
233001
834206
814104
742201
512001
754903
332203
112020
215103
243304
522301
229904
228203
432190
515303
351206
962990
214102
132301
834401
132403
232001
242204
331301
325907
524902
522302
962103
411004
441202
422201
821990
754903
228203
214109
142001
711101
711205
754903
721204
132390
252201
242309
241190
821902
711404
311101
722313
932990
251401
513101
122104
522304
214202
243305
833202
122101
754903
512001
721190
241390
213303
713207
243303
251401
741101
741101
214201
752208
524902
311514
911207
411003
214502
216102
833203
242307
524902
523002
962902
235906
816003
712618
832202
524990
122106
251201
711903
411004
241207
723105
722308
522301
263401
341202
122302
214931
522301
713102
721404
411003
422201
343402
524902
523002
229103
722307
431102
515190
243305
331301
411003
311514
723303
741103
912990
235205
214108
821109
252201
722204
722313
833203
541307
252201
243106
251401
243302
242204
752205
331203
962903
251904
332203
241390
522301
234190
331301
244001
234201
712612
741101
832202
522301
524902
411090
515303
815301
251401
833202
833203
932910
251401
311803
711101
522301
121290
122102
243305
933304
723390
513101
523002
522301
243105
753303
234190
332203
522301
332203
912990
132105
243301
241306
722308
523002
741103
713102
933304
751105
214207
422201
235301
142004
242108
431101
723103
251401
229201
751190
234201
711390
524902
712612
522305
252201
235205
325905
713104
515303
832202
132404
711104
214102
251401
816004
432103
251401
711101
333403
711104
833203
712906
432190
332203
214411
524902
243106
723310
332101
721204
251401
742118
242108
712990
834401
522301
512001
321402
441403
216190
234102
243106
251401
341202
522301
932101
524902
512001
313290
242309
311917
332201
332203
524902
311303
721204
243302
242307
233001
251401
941201
742190
721306
531190
121990
753202
524902
711104
431101
132301
516903
242226
754903
122102
941201
834206
815301
233001
712303
811407
821111
221254
241308
241102
541307
251401
524902
332203
523002
723310
242228
214190
314102
251402
252103
242228
251201
132190
713104
241302
242112
441590
721405
261103
251401
524902
723307
833202
411003
742190
132301
522301
214207
524490
522301
242112
242221
932911
321301
411003
214109
522301
522301
112014
242102
818303
235301
711490
243110
722308
121101
251401
834401
214202
244090
522301
712990
834401
711501
251401
833203
911203
332203
214207
243304
261103
132301
941101
962906
711202
142004
214104
524902
432103
911203
132301
214109
524902
132103
251401
311303
132190
411003
233001
226206
512001
332202
251903
411003
334306
941101
513101
523002
818990
711205
721204
834401
332202
432103
833203
332203
252902
333105
251201
524902
422201
214303
432103
422602
311508
332203
723310
712906
833202
242217
132301
252902
242108
311917
242217
233001
411090
931301
754903
251202
522301
754903
242309
833202
242309
132301
754903
941101
221219
522190
243106
331203
251903
242112
351206
814209
332202
243305
234190
311101
834401
243109
515303
833203
311402
522301
723103
252201
422602
753402
412001
242307
524902
523002
311201
333105
215390
242108
252101
233001
251401
832203
311402
512001
221101
932901
711903
241202
216101
432103
514202
523002
513101
834401
712601
818990
722306
214205
411004
331203
932907
832202
932990
232090
523002
523002
941101
251202
833202
962906
522301
263401
331301
522301
222101
514202
213201
332202
226206
243301
932910
331301
815301
121190
233001
751104
332203
214202
422603
742117
816003
243305
241306
228101
713202
962990
331301
432190
432103
332203
711104
251401
741207
264304
432103
242217
333105
243103
243303
332203
754903
524902
251401
311511
343202
332302
332203
251401
754903
515390
522301
933304
252903
251401
261103
524902
332203
815702
228203
711104
251102
331301
751104
311514
441203
723310
431202
242108
524902
332203
225212
241190
932910
221242
832202
214902
524902
214906
234102
331301
741103
522301
242390
251401
251401
524902
213106
251401
814209
243190
513101
432103
515303
132301
332203
962201
242309
522301
142004
234201
432103
911207
112006
411004
524902
522301
524902
522301
311201
251290
221254
834401
524902
818990
214202
522301
235205
731602
722308
243190
514102
332301
524902
941201
932911
321301
524902
432103
122102
732209
522301
235205
331203
722390
832202
713190
962906
411003
523002
751105
911290
243390
411003
213303
432103
712101
241107
522302
216690
754903
411003
243305
222101
215103
311937
244090
251103
722204
321201
741103
233001
251401
311504
332101
214207
834205
931205
242225
252901
243303
821304
251903
722390
832202
832203
524990
515303
214413
523002
742118
331301
252990
741101
711903
932907
742208
752390
522301
214202
941201
721204
331104
712390
251202
422401
941101
411004
432103
251202
112017
712612
932910
754903
962990
541390
432103
512001
741103
721204
522190
242217
524902
228101
432190
754903
821990
834401
512001
214305
524902
834401
232001
334390
214412
242108
211403
251201
962290
522301
226101
962906
514101
243305
332101
243305
233001
834401
515303
932101
335290
214407
432102
215301
524902
343301
932101
332290
122106
821990
243390
711101
712703
721204
711204
232001
834401
962990
962990
931203
732205
351203
261990
142004
251401
816030
522302
741105
332201
931301
252102
411003
242225
912990
754903
228203
712604
251401
233001
921201
912202
251401
351206
432103
243105
311403
214903
332101
229402
333990
331301
251401
332203
754903
251201
332203
522301
711104
233001
311937
833203
242225
721204
832202
522302
432103
912990
132390
962990
723303
754903
723103
422603
331502
332203
122106
721204
242113
834401
251101
411004
251401
912990
331301
132301
524902
821109
723307
911290
251401
251401
411004
142004
413201
122102
243390
712101
214303
524902
814307
251202
741103
331301
432103
214303
432103
311924
431301
834401
122101
524902
241304
814290
251401
235910
243305
214202
261901
932990
741103
233001
251401
243103
132390
931301
711101
754903
941201
332203
242228
228101
523002
524902
742190
751104
341203
411004
233001
228101
712202
818990
741104
741290
522301
941201
251201
332302
251202
333404
235301
251401
251401
721204
242403
242309
431102
722313
332301
331203
712604
242309
741101
712101
252902
251103
243307
251401
712601
515301
741207
721204
712901
722314
834401
242309
522390
514290
833203
334101
121904
814302
242112
821109
251103
933401
332203
311590
261908
711990
834401
335905
242217
524902
524902
243305
311219
252201
332203
751104
932101
332302
332202
522301
333302
411090
522301
243304
311803
411090
432103
229201
722308
522305
432302
252102
732201
243303
754903
234190
221209
243302
121904
311201
242309
742118
251401
516903
211403
712990
816090
242112
234102
723401
411003
931301
522301
722308
232003
711905
413201
334201
331301
332201
132301
241190
122102
722308
243307
754903
832202
251401
325390
522301
215103
243302
912990
132103
512001
243303
833203
243103
221234
332201
754903
332203
541307
241202
331404
933304
215201
524902
331301
242217
332101
524902
132301
332201
141290
524902
261103
122102
522301
226205
712501
243304
251401
753105
932910
932990
243305
242290
251903
332203
411003
962906
834206
215103
741201
243108
332203
814209
242309
751102
522103
244001
815990
242108
311212
351301
524902
817212
522301
332203
251202
242403
121901
541307
711402
832202
311514
932101
912202
932990
142004
932101
243305
243303
311803
243106
122106
331301
122102
351404
411003
121904
251903
242113
523002
242112
242309
214202
241306
524902
814307
721204
741104
214205
332203
241311
252201
122106
741103
722313
221236
754903
741103
325512
524902
513101
815301
222101
332203
311917
741201
343202
742190
721204
711903
132301
421106
334390
332203
242211
122106
432103
331301
251401
251201
234201
422602
242309
334302
263401
311214
243304
524490
422602
812105
721204
941101
311514
351401
332203
251401
251401
754903
912990
132301
241190
132301
722313
742102
251201
751202
214202
341202
515303
731102
333903
911207
332203
251401
261909
712603
343390
753402
522302
233001
331301
723105
751104
432103
332201
251904
311407
132301
531204
513101
432103
122102
332203
242309
243301
311917
722314
933304
242112
332203
311410
331203
251190
754903
251401
331502
252102
133090
721404
432103
721204
332302
754903
834207
933304
321301
229103
814290
132301
962990
243390
524990
722308
332203
711104
122301
816010
753202
334304
834390
721204
242390
431102
243390
911207
522305
243307
311803
251401
251401
432190
933304
921402
524990
264304
332203
214202
731107
933304
524902
214207
251401
522301
251101
242309
214202
241104
241207
832203
712101
513101
723103
512001
241101
251401
741103
722312
121904
932901
332203
214102
522304
751107
832202
331104
522201
515303
312290
711205
524902
432302
251401
432190
833202
251401
821990
941201
815702
251401
524902
432103
332203
251401
932990
832202
933304
911207
411003
325502
243303
751290
722312
214203
512001
522301
754903
242217
331301
524902
411090
712612
941201
242204
122102
742203
432103
932101
325502
721404
713201
817290
524490
541307
331201
524902
332203
833203
711202
432103
251202
741103
411003
933304
243390
214490
741105
325512
243302
243103
242204
243305
132301
721204
432103
932101
242309
731107
332203
741103
251101
251401
931301
235910
524902
522301
252201
754903
814302
132301
522302
834206
251103
132390
325905
912990
242108
243305
343203
332301
832202
541316
722204
332203
232001
331104
331301
243302
261101
242211
723104
243305
251401
331201
752302
524502
332101
214202
524902
251401
751105
432190
814208
313904
422602
334390
311514
251202
214202
215103
711104
514101
834401
121904
931301
332203
722312
541315
214202
432103
241202
712601
214413
831211
522301
132301
723401
243305
251990
242309
911207
731107
242217
233001
513101
753105
721204
754903
251401
834202
132104
723310
325101
342305
432103
754903
214109
252190
741201
122190
243390
711205
432103
251401
242217
532102
331203
712101
311508
321403
331301
242225
252201
721204
341203
722307
333107
242217
741190
333403
752290
721204
215101
524902
832202
335290
911207
524902
512090
242309
122102
514203
252201
243305
741304
142090
251401
229905
711205
432103
251103
523002
932990
332203
721204
215190
812204
252101
524902
334306
242211
132401
411003
432390
741201
251401
941201
331301
312290
432102
242217
242309
524902
524902
142004
741103
722313
522301
754903
932908
741104
332203
243109
933304
332203
722206
432103
721204
235921
721306
333101
324002
221254
524902
751104
411003
921401
751204
524902
515190
524902
251401
331301
244001
524902
432103
243109
524990
251903
143990
264190
722301
524902
242307
834401
412001
242204
321402
524902
229903
142004
214202
132301
242390
741101
243303
251401
514103
541307
311602
911207
251202
244090
251401
712790
722313
241306
214102
142004
524902
413102
214202
834311
941201
251903
432103
833202
523001
512001
712604
242211
817210
411003
513101
235910
732202
243390
524902
332203
241390
242232
251402
122106
711104
243304
242307
332203
132401
751102
713102
243106
251401
332203
541306
333105
132301
721204
251401
431101
235301
234190
541307
343203
752205
814104
723104
431101
331203
243304
832202
522304
523002
834205
741101
821902
214207
241308
817210
411003
711104
321301
731107
721204
334306
233001
311508
121904
243305
251401
524902
524902
252201
514101
243305
421403
754903
512001
121904
931301
514101
214202
833202
711902
235290
522301
723310
941201
941101
251401
721403
243307
411003
422702
713102
251302
522301
941101
234102
754903
523002
142004
941201
522301
431202
741101
235301
711502
228101
251903
941101
332101
833203
242204
834205
314101
241306
235921
112014
332203
229402
411003
334306
132301
722204
325390
215103
524902
754903
834401
243109
432103
933304
251401
243305
741201
932101
121904
422603
711104
832202
133006
524902
522301
142004
132301
754903
242217
522301
242309
834401
332203
741103
514202
524902
833202
832202
244001
722204
941201
712604
233001
753402
834401
214202
712601
243103
742118
834401
911207
524902
732201
512001
241203
941201
341202
411003
731107
132103
741207
351290
814205
524902
754903
243106
234201
332203
332203
242108
122102
512001
132404
343901
241202
332101
251401
522301
311411
242309
721204
834311
515303
243390
243302
241107
242112
251903
431190
214207
832202
721204
421403
213303
229201
235917
264201
512002
932101
721204
243103
816026
754903
311514
931205
242217
422201
911207
251401
721204
832202
713206
243305
932101
214407
214109
332101
332203
941101
251101
243106
524902
741104
524902
722204
524402
331203
432103
522304
331203
833203
243102
524902
711503
712403
214202
441590
432103
251401
932913
251401
143990
522301
132404
142004
312206
834204
711902
214102
332203
411003
251401
432103
142004
524902
522301
251401
228101
731106
343202
432103
242307
723307
524902
912202
754903
122106
522301
515303
721404
431101
754903
332203
821304
432190
216102
431290
332201
241304
132402
933401
229905
816003
262208
334390
821905
311506
332203
911207
834401
242112
711101
251401
243106
721204
432103
422201
723302
541307
933390
214203
721404
311514
232003
321401
332203
325101
243308
432103
524902
242204
332203
432102
214918
731107
143990
933304
524990
243109
754903
422603
134602
432190
932101
315305
754903
524902
234201
251401
242211
251401
741103
512001
711202
524902
931301
522301
242217
832202
235910
431101
515303
514101
831104
335990
235910
332101
252101
241102
932101
751204
941203
741103
332101
252201
834401
251401
523002
522301
134602
244090
252101
941201
818201
121290
243103
341203
243110
331301
522301
524902
332301
962302
241207
712613
334101
332104
422602
214109
523002
522305
911207
331301
524902
213207
252102
251401
515303
214102
132103
331203
833202
431101
441203
251401
722302
513201
432105
313290
243307
712608
723390
333105
524902
523002
311803
422201
222101
751402
311303
432103
432103
524902
722301
243305
753402
523002
121904
243305
932908
331201
832202
422602
721204
333105
962103
332202
243304
142004
432190
821902
325101
522301
332101
261901
512001
242112
251202
911207
242307
541307
411003
214102
821202
912990
432103
242112
221254
134590
252201
331404
311514
251401
331301
933304
261990
933304
352122
752302
122106
132103
722314
818990
143990
742190
741101
432302
112013
112013
962990
243305
214401
513101
432103
241205
351201
711903
833203
265107
233001
742118
523002
132301
818990
235590
214202
832202
711104
221214
814305
331104
241390
333190
411004
711101
331104
722204
132403
722312
243305
121290
911207
243305
261901
214202
514101
721301
242307
122106
422602
432103
515303
332201
252102
832201
741290
432302
524902
243305
522301
816003
753105
121990
243106
332203
242108
234190
524902
821906
242217
834401
524902
754903
752205
522301
235205
311408
243303
331301
941201
142004
251401
214202
711502
712401
142004
754903
331301
711104
911207
242307
933304
251401
242204
332202
122106
523002
332203
722313
931301
513101
941202
524902
432103
342201
711101
243103
311514
754903
524902
311101
833202
121904
122106
432190
214109
242108
441101
711101
132403
931301
351403
712904
711104
251903
524902
712990
522301
228203
721204
742202
132103
241190
751290
522301
723104
941201
251401
241105
522301
432102
243390
132301
721204
251401
524902
721204
351203
832202
422602
132301
524902
932101
214109
324002
832202
242217
833202
351206
132301
962990
432103
522302
941201
228101
332203
815702
251903
833203
333190
821990
732205
242228
243305
411003
243190
741103
832202
524902
712612
252102
833203
222101
263401
243107
522302
962906
234201
833203
524902
722312
512001
234201
142004
754903
411003
524902
332203
214109
335290
522301
834207
431102
833202
241190
122106
214202
242309
243102
753301
524902
214109
233001
524902
331104
214207
214207
722308
754903
243305
311202
815301
331104
522301
241190
242309
431290
325509
941201
431203
524902
252201
332203
332290
432103
311201
941201
341205
541307
712506
233001
244090
242309
251202
251202
933401
333105
242112
332203
243305
142004
332101
213201
941201
242309
834401
251401
431101
833203
432103
243307
834316
242110
524902
711101
741103
834207
432103
333101
524902
234201
818990
832203
522301
962103
432103
343204
722308
523002
513201
821304
132103
233001
311511
834390
112015
243390
754903
933304
722312
241107
722308
411090
911203
242225
122106
242106
251904
216602
243103
713201
524902
513202
229201
932905
333302
251401
524902
754903
228101
712501
514101
311201
753105
524902
333101
214109
261103
522301
214912
251104
251202
332203
432103
214202
214202
132105
243109
334101
332301
731502
331301
332301
214104
332203
754903
713102
343201
214109
411003
142004
229201
522301
422201
325502
933304
912202
122102
142004
331301
333105
522301
142090
261990
411090
232090
932912
933401
522304
711404
721204
251401
711501
351203
441590
241306
933304
834401
243390
243390
754903
251401
524902
522302
241306
753303
251201
214202
411090
522301
252902
311514
228101
229201
741105
522301
411003
251401
912990
711404
741103
431101
911207
524902
523002
522303
432190
832202
814204
523002
214109
911203
332203
712905
741103
941101
332203
832202
232090
811305
431202
235910
531202
522301
233001
821990
332203
741201
432103
524902
741103
524902
251903
243304
432101
333104
522301
221236
432103
821990
524902
141202
331301
512001
933304
229201
122190
122104
522304
711104
524902
331104
243390
833202
911207
524902
122102
352203
263401
524902
252902
215201
711404
252190
431190
242108
754903
332203
522103
214202
132301
235908
215201
523002
711501
513101
741201
122104
411004
411003
432103
422602
821113
523001
522301
214102
821111
214202
432190
522301
754903
251990
311201
216690
515303
522301
251202
752205
524902
244090
311390
933401
941201
222101
251401
332203
711104
941201
834401
332203
422602
243304
911207
251401
243304
235301
311514
251401
524990
411003
711202
242204
241190
252290
311307
754903
941201
261103
332101
754903
941201
214990
431101
514101
232090
251401
933304
228101
541390
512001
331301
252201
752290
121904
251103
711605
121290
244001
412001
411003
334304
331404
441203
721204
244001
214109
818990
332301
214406
214102
332302
341205
343402
233001
243304
754903
911203
311201
331301
214109
522301
524902
941101
343402
251401
524902
251201
422603
311514
251401
962201
524902
933304
323014
243109
332203
524902
832202
833203
251201
242307
332203
411003
723312
741103
741103
242390
722204
834311
241290
132301
522305
723310
241207
833202
742190
333104
122106
235906
331301
332203
214921
722204
332203
242217
541307
214202
251401
833202
432103
235909
411003
243304
832203
522301
214208
524902
243106
742118
522302
244001
213303
311211
331301
833203
352203
214104
911207
214202
818990
921401
932101
251401
332203
524902
243106
541906
242220
712601
741103
332203
524902
514202
721204
311803
251202
512001
432103
242217
331301
834205
214202
214109
522305
411003
242307
332203
524990
432103
243305
311514
722313
241101
731610
932913
243106
251401
252190
233001
431190
524902
251201
228101
741201
216102
214109
711101
311514
411003
241105
754903
522301
332302
814104
222101
333990
251401
313904
252901
214303
251401
235914
721204
332101
524902
741208
432103
214109
251903
833203
712990
523002
235917
311929
331203
251401
524902
233001
313190
941201
332203
243106
723304
432302
522301
331203
243390
432101
524902
241101
962990
241202
215104
332203
332301
216602
134603
933401
932907
814208
214903
243303
335301
723315
251903
141190
818304
722204
142004
754903
524990
524902
818990
421106
242217
932901
522301
243304
833203
311514
332203
311707
241202
213106
741201
712614
814290
214202
332203
343105
243305
242217
251201
121101
932101
711903
214202
234201
911207
243303
235205
242228
411003
524902
311514
215390
243304
242217
933304
215201
142004
251401
723303
215201
833203
932901
524902
242307
214406
261103
432190
331203
741207
251401
332203
332101
832202
832202
524902
243305
332203
814201
122202
524902
122106
122102
242204
341202
524902
932990
233001
214102
524902
741201
243305
751201
431190
912990
228101
523002
833202
216602
753105
311508
214109
215104
215201
243106
941201
712601
422603
241306
721290
214922
741103
833203
214922
321401
754903
411003
243305
214202
122106
311803
234201
214402
311909
214202
241105
331301
241207
722314
251401
321401
234201
243190
432102
252201
524902
311203
712301
522301
228101
325515
821990
911207
911206
961303
432103
214202
531190
331104
813127
214203
214190
241302
242217
711205
332203
911203
411090
132301
243303
251903
216490
523002
311216
132102
422201
711104
411090
242307
251401
242217
821902
214202
333104
341201
522302
331301
112008
932101
432190
411090
311101
142090
333104
432302
215103
332203
941101
524502
522302
214102
141290
332203
214305
332202
931301
513101
325101
251401
523002
242217
821990
132105
432103
832202
912990
821190
241202
754903
243305
233001
522304
331301
331103
833203
411003
234102
331104
432302
752205
229905
411090
713205
242217
222101
333105
214411
243103
262101
524902
343490
242228
834401
721204
311803
411003
754903
332301
251201
723104
833203
432103
432190
262101
241310
723310
142004
431190
524902
812107
235910
251402
522301
241190
522301
122102
933304
121904
754903
242228
933304
524902
933304
234190
228101
933304
524490
332203
711104
522301
243106
243390
142005
933304
214109
932101
241306
834206
311514
441202
242232
241306
243190
334307
243106
722317
741105
523002
243305
524902
251903
751104
122106
933304
512001
432103
524902
722290
741103
832202
432103
524902
242225
818990
332203
821902
241306
311408
432103
932990
251401
834401
532102
311514
523002
252201
512001
243305
712202
523002
721204
134602
741290
834208
933304
911206
732201
741290
411004
711202
132301
741103
722313
432103
422603
242309
331301
251401
232090
214290
243305
252201
243107
243390
722313
931205
325102
333404
832203
251201
441202
522301
251401
243304
711104
523002
512001
814290
214404
522301
833202
261103
911207
351403
214205
833202
226204
243106
311408
215290
814290
522301
263401
235301
241304
243305
241190
711104
515303
524902
242309
132301
513101
722317
432103
214202
313190
932913
214202
531204
241308
431190
931205
265106
523002
243305
214102
232001
214301
524902
142090
941201
962990
311514
132403
723302
522301
721301
833203
524902
234190
242309
332203
711104
242228
332203
325101
962990
332290
516502
432103
933304
222101
941203
213303
251401
311504
432103
251101
524902
932908
325907
722390
242217
751104
432103
251903
741103
432103
833202
512001
242108
933304
432390
244090
121290
932918
821902
242108
325101
241205
712614
524902
834401
122301
933304
241105
334101
431190
833202
232001
325101
243305
331301
741101
524403
834401
522301
524902
242307
524902
334304
754903
432103
121101
251201
741201
251401
229201
524902
432190
721102
911207
741205
752302
243402
311501
252102
243106
214109
213303
314103
251202
741101
522301
251401
251202
215201
243390
251401
242307
333105
742190
911203
251903
712601
321301
332203
411090
264304
432103
251201
432190
711104
251401
214303
833202
522301
911207
232001
243305
524990
432103
214109
251903
243305
834401
722204
741103
741103
251903
941201
931301
814104
833101
834401
331301
524902
432103
522302
754903
331301
524902
332203
229501
251401
731107
311590
833203
252101
241205
432102
431101
251101
121904
251401
432103
751105
422190
232090
741103
515303
962990
721102
243305
741104
132301
432103
721204
243106
214202
933390
911102
432103
311514
243305
333190
341202
524902
742202
112014
524902
523002
821902
242309
741103
514101
833203
751290
513101
214202
441203
251401
814209
411003
515102
432103
331104
251201
214906
818990
243305
214490
432190
251490
962990
243106
251903
142004
251401
243302
242112
214207
832202
228203
834401
832202
722204
962990
833203
514101
214109
122106
122102
752208
712601
251202
222101
251401
243305
251401
813134
332203
251201
251201
524902
524902
331502
524902
142004
244090
252201
332203
251401
524902
522305
251202
741103
524902
251401
242232
243109
522301
332302
441202
242108
512090
932101
251101
524902
524902
142004
243106
441590
814209
143990
712703
251401
251290
214401
833203
818990
834401
261103
215102
941201
412001
242190
432103
251401
754903
225213
431301
712905
332104
522301
143909
214102
214306
522301
524902
332301
243103
522301
214931
242403
962990
214903
332203
242217
251401
242190
712601
243110
741103
833203
411004
228101
832203
214207
513201
241202
332203
228101
754903
524902
311501
432190
431101
832202
252201
722390
243307
833203
243304
834190
432103
912990
243305
411003
251201
311218
754903
723390
121904
241190
261103
228101
243301
741301
713301
713102
242228
141290
524902
432103
243107
228201
515303
524902
962105
331203
834401
229501
216604
932990
712204
515303
325101
832205
441202
754903
522301
432190
243305
522301
242217
243103
441203
731990
752205
241190
241302
441203
741201
214503
132402
311504
331203
721204
311303
321401
712601
833202
911207
242108
341205
523002
754903
112003
221236
225101
214202
832203
251401
932990
752205
512001
332203
243304
411003
335301
932101
932990
325102
233001
541307
712601
941201
712612
332203
513101
524402
251201
251401
242307
524902
432190
531201
411004
931301
214202
243106
333905
333105
142004
524902
741103
351206
752190
753402
222101
228101
244090
754903
834206
522301
132105
242108
962906
235109
252201
522301
754903
228209
251401
251401
912990
833203
234102
754903
313990
821113
251401
243305
721404
251401
243305
251201
431301
242108
932990
832202
242390
332101
522301
332302
251401
524902
311514
342311
532102
832202
122301
132390
251903
531202
111101
111102
111103
111190
111201
111202
111290
111301
111401
111402
111403
111404
111405
111490
112001
112002
112003
112004
112005
112006
112007
112008
112009
112010
112011
112012
112013
112014
112015
112016
112017
112018
112019
112020
112090
121101
121102
121103
121190
121201
121202
121203
121204
121290
121301
121302
121303
121390
121901
121902
121903
121904
121990
122101
122102
122103
122104
122105
122106
122107
122190
122201
122202
122290
122301
122302
122390
131101
131102
131103
131104
131105
131190
131201
131202
131290
132102
132103
132104
132105
132190
132201
132202
132204
132290
132301
132302
132390
132401
132402
132403
132404
132405
132406
132407
132408
132409
132410
132411
132412
132490
133001
133002
133003
133004
133005
133006
133007
133090
134101
134102
134104
134105
134106
134107
134190
134201
134202
134204
134205
134206
134207
134290
134301
134390
134402
134403
134404
134490
134501
134502
134503
134590
134601
134602
134603
134605
134690
134901
134902
134903
134904
134905
134906
134907
134908
134909
134910
134911
134912
134913
134914
134915
134916
134990
141101
141102
141103
141104
141190
141201
141202
141203
141290
142001
142002
142003
142004
142005
142006
142090
143101
143102
143103
143104
143105
143107
143108
143109
143110
143112
143114
143115
143116
143117
143118
143119
143190
143901
143902
143903
143904
143905
143906
143907
143908
143909
143910
143911
143912
143990
211101
211102
211103
211104
211190
211201
211202
211203
211204
211290
211301
211302
211303
211304
211390
211401
211402
211403
211404
211405
211406
211407
211490
212001
212002
212003
212004
212090
213101
213102
213103
213104
213105
213106
213107
213108
213109
213110
213190
213201
213202
213203
213204
213205
213206
213207
213208
213209
213290
213301
213302
213303
213390
214101
214102
214103
214104
214105
214107
214108
214109
214110
214111
214190
214201
214202
214203
214204
214205
214206
214207
214208
214209
214210
214290
214301
214302
214303
214304
214305
214306
214307
214390
214401
214402
214403
214404
214405
214406
214407
214408
214409
214410
214411
214412
214413
214490
214501
214502
214503
214504
214505
214506
214507
214590
214601
214602
214603
214604
214605
214607
214608
214609
214610
214690
214901
214902
214903
214904
214905
214906
214907
214908
214909
214910
214911
214912
214913
214914
214915
214916
214917
214918
214919
214920
214921
214922
214923
214924
214925
214926
214927
214928
214929
214930
214931
214932
214933
214934
214935
214990
215101
215102
215103
215104
215105
215106
215190
215201
215202
215203
215204
215205
215290
215301
215302
215303
215390
216101
216102
216190
216201
216202
216290
216301
216302
216303
216304
216305
216306
216390
216401
216402
216403
216490
216501
216502
216503
216504
216505
216506
216507
216508
216590
216601
216602
216603
216604
216605
216606
216690
221101
221102
221201
221202
221203
221204
221205
221206
221207
221208
221209
221210
221211
221212
221213
221214
221215
221216
221217
221218
221219
221220
221221
221222
221223
221224
221225
221226
221227
221228
221229
221230
221231
221232
221233
221234
221235
221236
221237
221238
221239
221240
221241
221242
221243
221244
221245
221246
221247
221248
221249
221250
221251
221252
221253
221254
221255
221256
221257
221258
221259
221260
221261
221262
221263
221264
221265
221266
221267
221268
221269
221270
221271
221272
221273
221274
221275
221276
221277
221278
221290
222101
222201
222202
222203
222204
222205
222206
222207
222208
222209
222210
222211
222212
222213
222214
222215
222216
222217
222218
222219
222220
222221
222222
222290
223101
223201
223202
223203
223204
223205
223206
223207
223208
223290
224001
225101
225201
225202
225203
225204
225205
225206
225207
225208
225209
225210
225211
225212
225213
225214
225215
225216
225217
225290
226101
226102
226201
226202
226203
226204
226205
226206
226207
226208
226209
226290
227101
227201
227202
227203
227204
227205
227206
227207
227208
227209
227210
227211
227212
227213
227214
227290
228101
228201
228202
228203
228204
228205
228206
228207
228208
228209
228210
228211
228212
228290
229101
229102
229103
229104
229105
229106
229190
229201
229202
229301
229302
229390
229401
229402
229403
229404
229490
229501
229901
229902
229903
229904
229905
229906
229907
229908
229909
229910
229911
229912
229913
229914
229990
231006
231006
231005
231003
231005
231001
231006
231090
232001
232002
232003
232090
233001
233090
234102
234102
234190
234201
234202
234290
235101
235102
235103
235104
235105
235106
235109
235190
235201
235202
235203
235204
235205
235290
235301
235401
235501
235502
235503
235590
235601
235690
235901
235902
235903
235904
235905
235906
235907
235908
235909
235910
235911
235912
235913
235914
235915
235916
235917
235918
235919
235920
235921
235922
235990
241101
241102
241103
241104
241105
241106
241107
241190
241201
241202
241203
241204
241205
241206
241207
241290
241301
241302
241303
241304
241305
241306
241307
241308
241309
241310
241311
241390
242101
242102
242103
242104
242105
242106
242107
242108
242109
242110
242111
242112
242113
242114
242115
242116
242190
242201
242202
242203
242204
242205
242206
242207
242208
242209
242210
242211
242212
242213
242214
242215
242216
242217
242218
242219
242220
242221
242223
242224
242225
242226
242227
242228
242229
242230
242231
242232
242290
242301
242302
242303
242304
242305
242307
242308
242309
242310
242311
242312
242313
242390
242401
242402
242403
242490
243101
243102
243103
243104
243105
243106
243107
243108
243109
243110
243190
243201
243202
243203
243290
243301
243302
243303
243304
243305
243306
243307
243308
243390
243401
243402
243490
244001
244002
244003
244090
251101
251102
251103
251104
251105
251190
251201
251202
251203
251290
251301
251302
251303
251390
251401
251402
251403
251404
251490
251901
251902
251903
251904
251905
251906
251907
251908
251909
251910
251911
251990
252101
252102
252103
252190
252201
252202
252290
252301
252302
252390
252901
252902
252903
252904
252990
261101
261102
261103
261201
261901
261902
261903
261904
261905
261906
261907
261908
261909
261910
261911
261990
262101
262102
262201
262202
262203
262204
262205
262206
262207
262208
262290
263101
263102
263190
263201
263202
263203
263204
263205
263206
263207
263290
263301
263302
263303
263304
263305
263306
263390
263401
263402
263403
263404
263405
263406
263407
263408
263409
263490
263501
263502
263503
263504
263505
263506
263507
263508
263509
263510
263511
263590
263601
263602
263603
263604
263605
263606
263690
264101
264102
264103
264104
264105
264190
264201
264202
264203
264204
264205
264206
264207
264208
264290
264301
264302
264303
264304
264305
264310
264390
265101
265102
265103
265104
265105
265106
265107
265190
265201
265202
265203
265204
265205
265206
265207
265290
265301
265302
265390
265401
265402
265403
265404
265405
265406
265407
265408
265409
265410
265411
265490
265501
265502
265503
265590
265601
265602
265603
265604
265605
265606
265690
265901
265902
265990
311101
311102
311103
311104
311105
311106
311107
311108
311109
311190
311201
311202
311203
311204
311205
311206
311207
311208
311209
311210
311211
311212
311213
311214
311215
311216
311217
311218
311219
311220
311221
311290
311302
311303
311304
311305
311306
311307
311390
311401
311402
311403
311404
311406
311407
311408
311409
311410
311411
311412
311413
311490
311501
311503
311504
311505
311506
311508
311509
311510
311511
311512
311513
311514
311515
311516
311517
311518
311590
311601
311602
311603
311604
311605
311606
311607
311690
311701
311702
311703
311704
311705
311706
311707
311708
311709
311790
311801
311802
311803
311890
311901
311517
311903
311904
311905
311906
311907
311908
311909
311910
311911
311912
311913
311914
311915
311916
311917
311918
311919
311920
311921
311922
311923
311924
311925
311926
311927
311928
311929
311930
311931
311932
311933
311934
311935
311936
311937
311939
311940
311941
311942
311943
311944
311945
311946
311990
312101
312102
312103
312190
312201
312202
312203
312204
312205
312206
312207
312208
312209
312210
312211
312290
312301
312302
312303
312304
312305
312306
312390
313101
313102
313103
313104
313105
313106
313107
313108
313109
313110
313190
313201
313202
313203
313204
313205
313206
313207
313208
313209
313210
313290
313301
313303
313304
313305
313306
313307
313390
313401
313501
313502
313503
313504
313505
313590
313901
313902
313903
313904
313905
313990
314101
314102
314103
314104
314190
314201
314202
314203
314204
314205
314206
314207
314208
314290
314301
314401
314402
314403
314404
314405
314406
314407
314408
314409
314410
314411
314412
314413
314414
314415
314416
314417
314490
315101
315102
315103
315104
315105
315190
315202
315203
315204
315205
315206
315207
315208
315209
315210
315211
315212
315214
315215
315216
315217
315290
315301
315302
315305
315306
315308
315309
315310
315311
315312
315314
315316
315317
315318
315319
315390
315401
315402
315403
315405
315406
315490
315501
321101
321102
321103
321104
321190
321201
321301
321401
321402
321403
321490
322001
322002
322090
323001
323002
323003
323004
323005
323006
323007
323008
323009
323010
323011
323012
323013
323014
323090
324001
324002
324090
325101
325102
325190
325201
325290
325301
325302
325390
325401
325402
325501
325502
325503
325504
325505
325506
325507
325508
325509
325510
325511
325512
325513
325514
325515
325590
325601
325901
325902
325903
325904
325905
325906
325907
325990
331101
331102
331103
331104
331105
331190
331201
331202
331203
331290
331301
331401
331402
331403
331404
331490
331501
331502
331503
331504
331506
331508
331590
332101
332103
332104
332190
332201
332202
332203
332290
332301
332302
332390
332401
332402
332490
333101
333102
333103
333104
333105
333106
333107
333108
333109
333190
333201
333202
333203
333204
333205
333290
333301
333302
333390
333401
333402
333403
333404
333490
333901
333902
333903
333904
333905
333906
333907
333990
334101
334102
334201
334290
334301
334302
334303
334304
334305
334306
334307
334390
334401
334402
334490
335101
335102
335103
335104
335190
335201
335202
335203
335290
335301
335390
335401
335402
335403
335404
335490
335501
335502
335503
335504
335505
335506
335507
335508
335590
335601
335602
335690
335701
335905
335906
335907
335909
335990
341101
341102
341103
341190
341201
341202
341203
341204
341205
341206
341207
341290
341301
341302
341390
342101
342102
342201
342202
342203
342204
342205
342206
342207
342290
342301
342302
342303
342304
342305
342306
342307
342308
342309
342310
342311
342390
343101
343102
343103
343104
343105
343190
343201
343202
343203
343204
343205
343206
343290
343301
343302
343303
343304
343390
343401
343402
343404
343490
343501
343502
343503
343504
343505
343506
343507
343590
343601
343602
343603
343690
343701
343901
343902
343903
343904
343905
343906
343907
343908
343909
343910
343911
343912
343913
343914
343915
343917
343990
351101
351102
351103
351190
351201
351202
351203
351204
351205
351206
351290
351301
351302
351303
351390
351401
351402
351403
351404
351405
351406
351490
352101
352102
352103
352104
352105
352106
352107
352108
352109
352110
352111
352112
352113
352114
352115
352116
352117
352118
352119
352120
352121
352122
352123
352124
352190
352201
352202
352203
352290
411001
411002
411003
411004
411090
412001
413102
413103
413190
413201
421101
421102
421103
421104
421105
421106
421107
421108
421190
421201
421202
421203
421290
421301
421302
421401
421402
421403
421490
422101
422102
422103
422104
422190
422201
422301
422302
422401
422402
422501
422502
422590
422601
422602
422603
422690
422701
422702
422790
431101
431102
431103
431190
431201
431202
431203
431290
431301
432101
432102
432103
432104
432105
432106
432190
432201
432301
432302
432303
432304
432305
432390
441101
441201
441202
441203
441290
441301
441302
441390
441401
441402
441403
441490
441501
441502
441590
441901
441990
511101
511102
511190
511201
511202
511203
511204
511205
511206
511290
511301
511302
511303
511304
511390
512001
512002
512090
513101
513102
513201
513202
513203
513290
514101
514102
514103
514104
514105
514190
514202
514203
514204
514205
514207
514208
514290
515101
515102
515190
515201
515202
515203
515204
515205
515290
515301
515302
515303
515390
516101
516102
516190
516201
516301
516302
516303
516304
516305
516390
516401
516402
516403
516404
516405
516406
516407
516408
516409
516410
516411
516490
516501
516502
516590
516901
516902
516903
516904
516990
521101
521102
521201
522101
522102
522103
522190
522201
522202
522203
522290
522301
522302
522303
522304
522305
522306
522390
523001
523002
523003
523090
524101
524201
524301
524302
524390
524401
524402
524403
524404
524490
524502
524601
524901
524902
524903
524905
524906
524990
531102
531103
531104
531105
531106
531107
531108
531190
531201
531202
531203
531204
531290
532102
532190
532201
532202
532290
532901
532902
532903
532904
532905
532906
532990
541101
541201
541301
541306
541307
541312
541313
541314
541315
541316
541317
541390
541902
541903
541904
541905
541906
541907
541908
541909
541990
711101
711102
711103
711104
711190
711201
711202
711203
711204
711205
711290
711301
711390
711401
711402
711403
711404
711490
711501
711502
711503
711504
711505
711590
711602
711603
711605
711606
711690
711701
711901
711902
711903
711904
711905
711990
712101
712201
712202
712203
712204
712290
712301
712302
712303
712304
712390
712401
712402
712403
712404
712490
712501
712502
712503
712504
712505
712506
712590
712601
712603
712604
712605
712606
712607
712608
712609
712610
712612
712613
712614
712615
712616
712617
712618
712690
712701
712702
712703
712790
712901
712902
712904
712905
712906
712990
713101
713102
713104
713105
713190
713201
713202
713203
713204
713205
713206
713207
713208
713290
713301
713302
713303
713304
713390
721101
721102
721103
721104
721105
721190
721201
721202
721203
721204
721209
721290
721301
721302
721303
721304
721305
721306
721390
721401
721402
721403
721404
721405
721406
721490
721501
721502
721503
721504
721590
722101
722102
722103
722104
722190
722201
722202
722203
722204
722205
722206
722207
722290
722301
722302
722303
722304
722305
722306
722307
722308
722309
722310
722311
722312
722313
722314
722315
722316
722317
722390
722401
722402
722490
723101
723102
723103
723104
723105
723106
723107
723190
723201
723202
723203
723204
723290
723301
723302
723303
723304
723305
723306
723307
723308
723309
723310
723311
723312
723313
723314
723315
723316
723317
723318
723390
723401
731102
731103
731104
731105
731106
731107
731190
731202
731205
731207
731208
731290
731301
731303
731304
731305
731390
731401
731402
731403
731404
731405
731406
731407
731408
731409
731410
731490
731501
731502
731503
731504
731505
731506
731507
731508
731590
731601
731602
731603
731604
731605
731606
731607
731608
731609
731610
731611
731690
731701
731702
731703
731704
731705
731706
731707
731708
731790
731801
731802
731803
731804
731805
731806
731807
731808
731809
731810
731890
731901
731902
731903
731904
731905
731990
732101
732102
732103
732104
732105
732106
732107
732108
732109
732110
732111
732112
732113
732190
732201
732202
732203
732204
732205
732206
732207
732208
732209
732210
732290
732301
732302
732303
732304
732305
732390
741101
741102
741103
741104
741105
741190
741201
741202
741203
741204
741205
741206
741207
741208
741209
741210
741211
741212
741213
741214
741215
741216
741217
741218
741219
741220
741290
741301
741302
741303
741304
741305
741390
742101
742102
742103
742104
742105
742106
742108
742110
742113
742114
742115
742116
742117
742118
742119
742190
742201
742202
742203
742204
742205
742206
742207
742208
742290
751101
751102
751103
751104
751105
751106
751107
751108
751109
751190
751201
751202
751203
751204
751290
751301
751302
751390
751401
751402
751490
751501
751502
751503
751504
751505
751590
752101
752102
752103
752104
752105
752106
752190
752201
752202
752203
752204
752205
752206
752207
752208
752209
752290
752301
752302
752304
752306
752307
752308
752310
752311
752312
752390
753101
753102
753103
753104
753105
753106
753107
753108
753190
753201
753202
753301
753302
753303
753304
753305
753390
753401
753402
753403
753490
753501
753502
753503
753504
753505
753590
753601
753602
753603
753604
753606
753690
753701
753702
753703
753790
754101
754102
754104
754105
754190
754201
754202
754203
754290
754301
754401
754402
754490
754901
754902
754903
754990
811101
811102
811103
811107
811108
811111
811112
811113
811190
811201
811202
811203
811204
811205
811290
811301
811302
811303
811304
811305
811390
811401
811402
811404
811405
811406
811407
811408
811409
811490
812101
812102
812103
812104
812105
812106
812107
812108
812109
812110
812111
812112
812113
812114
812115
812116
812117
812118
812119
812120
812121
812122
812190
812201
812202
812203
812204
812205
812206
812207
812290
813101
813102
813103
813104
813105
813106
813107
813108
813109
813110
813111
813112
813113
813114
813115
813116
813117
813118
813119
813120
813121
813122
813123
813124
813125
813126
813127
813128
813129
813130
813131
813132
813133
813134
813135
813136
813137
813138
813139
813190
813201
813202
813290
814101
814102
814103
814104
814105
814190
814201
814202
814203
814204
814205
814206
814207
814208
814209
814290
814301
814302
814303
814304
814305
814306
814307
814308
814390
815101
815102
815103
815190
815201
815202
815203
815204
815290
815301
815401
815501
815502
815503
815590
815601
815602
815603
815604
815605
815690
815701
815702
815790
815901
815902
815903
815904
815990
816001
816002
816003
816004
816005
816006
816007
816008
816009
816010
816011
816012
816013
816014
816015
816016
816017
816018
816019
816020
816021
816022
816023
816024
816025
816026
816027
816028
816029
816030
816031
816090
817101
817102
817103
817104
817105
817106
817107
817108
817109
817110
817111
817112
817113
817114
817190
817201
817202
817203
817204
817205
817206
817207
817208
817209
817210
817211
817212
817290
818101
818102
818103
818104
818105
818106
818107
818108
818109
818110
818111
818112
818113
818114
818115
818116
818117
818118
818119
818120
818121
818122
818123
818124
818125
818126
818190
818201
818202
818203
818204
818205
818206
818290
818301
818302
818303
818304
818390
818901
818902
818903
818904
818990
821101
821102
821103
821104
821105
821106
821107
821108
821109
821110
821111
821112
821113
821114
821115
821116
821190
821201
821202
821203
821204
821205
821206
821207
821290
821301
821302
821303
821304
821305
821306
821390
821901
821902
821904
821905
821906
821907
821990
831101
831102
831103
831104
831105
831106
831190
831201
831202
831203
831204
831205
831206
831207
831208
831209
831210
831211
831212
831290
832101
832190
832201
832202
832203
832204
832205
832206
832290
833101
833102
833103
833190
833201
833202
833203
833290
834101
834102
834103
834104
834105
834106
834107
834108
834109
834110
834111
834190
834201
834202
834203
834204
834205
834206
834207
834208
834209
834290
834301
834302
834303
834304
834305
834306
834307
834308
834309
834310
834311
834312
834313
834314
834315
834316
834317
834390
834401
835001
835002
835003
835004
835005
835006
835007
835090
911101
911102
911201
911202
911203
911204
911205
911206
911207
911208
911290
912101
912102
912103
912201
912202
912301
912901
912902
912903
912904
912990
921101
921201
921301
921401
921402
921403
921490
921501
921502
921590
921601
931101
931102
931190
931201
931202
931203
931204
931205
931206
931207
931290
931301
932101
932102
932901
932902
932903
932904
932905
932906
932907
932908
932909
932910
932911
932912
932913
932914
932915
932916
932917
932918
932919
932920
932921
932990
933101
933201
933202
933301
933302
933303
933304
933305
933306
933307
933308
933309
933390
933401
941101
941201
941202
941203
951001
951002
951003
951004
951090
952001
961101
961102
961103
961190
961201
961202
961290
961301
961302
961303
961390
962101
962102
962103
962104
962105
962106
962107
962190
962201
962202
962290
962301
962302
962901
962902
962903
962904
962905
962906
962907
932908
962990
